71 2505
71 2509
77 2679
92 3224
96 903
96 3397
99 3481
99 3485
168 2685
171 5763
192 6214
239 7846
378 11397
408 4304
408 8594
408 12013
470 7086
470 11200
561 15018
562 15041
596 10262
604 12043
649 10357
650 16368
680 2826
701 17168
708 17314
718 441
718 6917
718 6919
718 7692
718 17428
726 266
726 425
726 17546
747 12043
747 17875
781 7870
784 12466
814 1942
826 2482
826 2984
826 14718
833 19094
833 19096
848 19301
890 17913
890 19865
912 20138
982 1326
1009 14781
1009 21277
1025 11507
1042 14886
1049 5232
1074 10227
1074 21992
1115 7176
1180 11659
1188 22453
1218 15316
1235 17240
1257 22045
1366 3080
1451 3727
1451 12453
1451 19645
1459 8767
1466 25654
1482 18890
1482 25785
1484 8564
1484 11663
1484 24977
1492 16259
1522 21506
1522 26167
1523 15576
1523 18013
1541 26286
1566 21458
1584 2211
1584 25786
1599 6821
1599 16389
1626 12497
1651 13836
1690 16025
1736 3967
1739 6177
1739 7777
1739 24490
1772 26827
1831 28139
1857 10418
1858 1226
1978 21929
1982 1516
1982 9087
1982 28695
2080 29442
2120 13973
2120 15581
2167 9021
2180 17745
2200 9247
2203 21654
2215 4540
2360 22797
2360 29645
2516 3447
2552 15771
2552 18672
2552 21621
2574 22766
2583 1773
2583 28958
2789 1371
2870 13452
2919 15864
2919 30508
2926 13657
2938 2163
2990 10888
3007 7951
3014 9259
3014 11004
3014 25679
3085 24479
3164 8486
3180 20708
3278 11365
3287 2626
3316 939
3316 28239
3328 1086
3328 7347
3367 14933
3368 3711
3368 8154
3368 8217
3368 11060
3371 4164
3381 17773
3463 14886
3463 19103
3524 33140
3584 14742
3621 5751
3683 6630
3683 6791
3683 6797
3683 10968
3683 23919
3775 18957
3797 25282
3801 22882
3947 15530
3994 12052
4011 13541
4062 33011
4074 31897
4126 16341
4155 1949
4155 13946
4198 34071
4263 4174
4263 13019
4264 34164
4273 7622
4273 31020
4275 7728
4275 9444
4337 736
4337 5617
4337 5705
4339 2438
4339 13743
4339 33763
4363 13262
4368 1568
4387 23666
4421 28230
4518 10853
4518 13796
4520 12159
4572 21459
4606 13939
4638 10987
4659 511
4728 15813
4782 11217
4812 13529
4913 14886
4985 17067
4985 20177
5000 7918
5096 21163
5096 25594
5190 7036
5193 6105
5206 6410
5215 17750
5229 15444
5362 9746
5362 13743
5362 22565
5367 20140
5371 7711
5371 11391
5417 12248
5419 16834
5626 23478
5648 13885
5668 3297
5671 17017
5671 28665
5739 26494
5745 13663
5745 13664
5745 20079
5745 26359
5745 28988
5802 31455
5934 1963
5945 7073
5945 9008
6043 12419
6043 17781
6049 2692
6056 9519
6066 27376
6085 3936
6087 4128
6087 15251
6088 25673
6106 9146
6134 31648
6166 4409
6180 8949
6203 4212
6249 20777
6249 29406
6249 30727
6257 237
6257 774
6257 5744
6276 13861
6276 35226
6279 2062
6279 16686
6304 8555
6304 16809
6308 17439
6336 32762
6382 18356
6388 29915
6394 5261
6394 9370
6414 4360
6420 5623
6535 3584
6535 10934
6558 21615
6567 3378
6567 15852
6567 21675
6635 20779
6638 2390
6638 6716
6683 8157
6741 2524
6741 6291
6742 16393
6742 31893
6742 33748
6742 34034
6743 26482
6842 22856
6873 21772
6921 9345
6931 30309
6958 642
6958 12853
6996 6789
6996 26529
7020 1126
7020 13196
7025 64
7025 4660
7025 16661
7025 17371
7045 13447
7045 28231
7080 12
7080 25219
7081 28739
7119 7566
7120 14763
7168 28490
7194 5388
7196 5233
7196 11232
7208 14164
7293 464
7293 4733
7293 5029
7300 22554
7339 1113
7339 9273
7339 19747
7341 32779
7416 21449
7468 7606
7486 4611
7486 4793
7486 7129
7486 9720
7486 19571
7495 1755
7512 2000
7546 15072
7710 486
7710 1538
7710 1624
7710 8935
7710 9781
7710 14965
7734 23932
7758 1928
7765 2147
7765 8163
7792 4397
7848 21531
7878 22587
7878 23916
7901 4827
7933 12386
8043 16016
8050 10853
8068 19932
8075 5896
8157 1686
8184 5390
8260 17896
8260 25115
8260 34626
8281 28659
8285 1924
8285 10237
8285 21654
8285 22678
8368 8067
8369 26909
8394 11404
8398 26454
8398 34117
8460 9093
8480 20799
8547 5145
8547 22656
8630 9773
8632 17602
8632 26041
8632 30242
8632 33394
8632 35186
8642 7968
8661 9064
8672 23915
8674 23874
8681 27357
8705 9995
8734 16363
8779 4
8779 5884
8779 5897
8779 8638
8779 9983
8779 25100
8850 15656
8861 19759
8926 9342
8964 4890
8964 20106
9004 2313
9004 5337
9004 7202
9004 26237
9063 1799
9063 6420
9075 19136
9075 20457
9078 2317
9161 13399
9161 29184
9161 30845
9161 34569
9236 10066
9245 31148
9311 5173
9311 24746
9399 7171
9399 22058
9449 10890
9449 25106
9470 12543
9580 18193
9580 18437
9703 1329
9734 1016
9742 8400
9742 16026
9753 9697
9786 17665
9889 1943
9889 26795
9921 13645
9935 28346
9983 8193
10004 15877
10081 32230
10192 3565
10224 7411
10278 11
10306 7263
10351 23403
10352 5111
10352 13602
10398 34130
10455 29325
10480 1812
10480 5009
10480 8090
10480 24124
10526 577
10534 2918
10555 6697
10555 23279
10563 11721
10563 17252
10563 20782
10563 26052
10563 26381
10588 33802
10597 16620
10597 19441
10607 12469
10608 33317
10654 1269
10654 13696
10682 14800
10706 26578
10713 28181
10713 31684
10717 28263
10758 13658
10760 22594
10785 13906
10785 24061
10813 22727
10876 25442
10917 19020
10959 8402
10974 31656
10989 18364
11004 16412
11014 19676
11190 2419
11190 2946
11190 3259
11190 3390
11190 10503
11190 16834
11206 945
11224 25157
11233 14118
11244 20790
11293 16545
11329 32919
11331 12888
11331 29858
11375 19701
11432 459
11443 7882
11445 29087
11445 30674
11479 526
11479 634
11479 25524
11482 4908
11582 19233
11582 30806
11588 11036
11607 3533
11607 16793
11635 31110
11690 2311
11779 444
11779 1759
11824 5605
11913 15090
11954 4947
11991 10423
12097 28642
12149 1351
12149 1968
12149 5925
12149 10734
12149 13349
12187 722
12187 26734
12339 35580
12355 27841
12396 28036
12397 6809
12401 24074
12401 33492
12409 24842
12530 18280
12611 21704
12651 16074
12652 9832
12686 17426
12694 17064
12714 5427
12727 7108
12732 9735
12732 15314
12755 16771
12774 25657
12800 13158
12825 22648
12886 2005
12923 22584
12925 14741
12925 21783
12948 2246
12973 5658
12973 27358
12985 801
12985 3659
12985 16975
12985 22175
12988 19583
13099 8800
13115 15089
13115 17438
13115 18231
13117 15010
13117 27725
13120 27037
13155 17669
13281 24138
13289 11966
13303 8980
13303 13330
13303 29413
13319 4514
13319 19985
13418 6084
13424 27344
13451 14415
13454 7119
13454 14808
13457 22211
13506 12392
13506 20179
13540 1057
13584 6581
13584 6599
13584 11233
13659 995
13659 996
13659 4877
13659 15317
13659 15389
13661 1739
13668 23269
13720 1626
13720 5126
13745 1068
13745 5868
13745 12550
13798 3286
13854 9531
13854 9544
13854 9563
13854 12701
13854 14190
13914 7667
13964 7584
13982 3732
14017 1783
14117 14641
14117 20391
14128 1915
14134 983
14134 26746
14138 18778
14220 10076
14261 1359
14286 4216
14317 6234
14365 2458
14365 13743
14365 14397
14365 27805
14376 41
14398 7324
14419 22058
14419 33086
14490 12537
14535 28445
14551 19015
14604 20041
14622 5335
14622 6614
14712 3858
14717 2237
14717 16262
14745 34934
14767 2534
14797 20159
14845 1470
14845 22290
14854 206
14854 1030
14854 21263
14854 34535
14861 17419
14906 428
14914 6853
14927 33854
14932 10243
14932 16902
14932 17133
14932 26482
14932 28452
14932 29096
14932 33294
14963 7367
14977 5790
14977 25522
14981 1892
14992 17812
15005 12981
15005 26617
15069 9939
15213 1347
15261 27324
15273 23661
15289 2025
15344 1146
15344 32362
15371 16229
15428 5341
15428 5765
15433 33737
15446 5874
15550 24319
15559 27494
15565 2388
15595 9688
15609 4407
15609 25594
15656 26491
15660 10657
15680 8491
15680 22098
15769 29839
15779 23349
15780 17130
15780 25992
15791 602
15791 7079
15791 12698
15828 13765
15860 6028
15860 24907
15900 5524
15900 11978
15926 20826
15928 16831
15976 2475
15976 8988
15976 8997
15992 11542
15992 13234
15992 16266
15992 17132
15992 20382
15992 23452
16005 12284
16029 1524
16105 9039
16110 1248
16110 35437
16128 24926
